# Created by Octave 4.2.1, Sun Mar 25 12:26:46 2018 GMT <unknown@unknown>
# name: X1
# type: matrix
# rows: 100
# columns: 2
 0.5415402923233948 -0.7056573977623692
 -0.7169776035152291 -1.700277553716573
 -0.8894586192195694 1.877512739546265
 -1.051504100707728 -1.525786405456076
 -0.01253740659532655 -0.6039604111018358
 0.651165948528703 -0.9635946446188857
 0.7693049612339207 0.1954142966403816
 -0.4580676190496724 1.453430264572298
 -0.9137891067027062 -1.056630282936342
 0.01344643415216249 -0.2256727120541261
 1.102158028434345 -0.2052331171504509
 -0.4483293702083962 -0.4945310454664572
 -1.933027656353181 0.654113783177473
 -0.684182069110482 -1.096761902889355
 0.06114658164696889 -0.4320679259849056
 0.5443092183931528 -0.9659906727272939
 1.06787517854304 -0.2303395799140355
 -1.700025495468622 -0.4643057890938402
 -0.9130601160188878 1.582775754489093
 -0.1267852556923816 1.158938060348933
 1.155513263108748 0.3324400781225624
 0.6852229664539571 -1.78433734473043
 -2.246946005414822 0.6660155156395731
 -0.3544309376684957 -0.9190534144434309
 -0.5309506603157156 1.235350377527677
 0.5441979180893103 0.1738919995629807
 -0.8300403821267367 0.6905341136913534
 -0.05274494500721273 -0.9548860958648585
 -1.328603223671458 -1.684895024598789
 -0.8050938344899172 1.00176682035603
 -1.645817860933948 0.1457556066961419
 -0.2869692643762632 -1.364159087588967
 -2.073903193600893 1.092491713466279
 -1.534919996939667 0.4999888551353487
 1.472246238193077 1.1903325855619
 -0.9681482040813491 0.2434397493992167
 -1.082807579204466 -0.7427760353775616
 0.1397733009342816 -1.119146742223873
 -0.1281752040148922 -0.02715423526647073
 0.08430829753601514 0.7866283226412913
 -1.405154917354599 0.6294505096533834
 -1.099773166430166 -1.45899689435763
 -0.8291506873830885 1.078916250389762
 -2.009058903168067 -0.7261294499909159
 0.4198759952675184 0.7643341178930073
 2.817711939841954 0.5154872609787822
 -0.5072007795749375 -0.277630241759176
 -0.8880394358762317 0.1536009537030668
 1.009947421672462 1.215153969415377
 -1.476313314235839 1.267104940344857
 -1.626751789125597 -0.1448477834544076
 1.0580386573703 -2.198741428107755
 0.6528494843140535 -0.06842933397061786
 -0.7847386368214706 0.7195251903449579
 0.04561286341983244 0.3841961959917778
 0.5251248717461608 2.369418311416728
 0.02877395267566292 -1.465858679888855
 0.8328717547352559 0.1298318118834992
 0.3060057265096602 1.692468286901861
 0.2369698350259181 -1.095912206090809
 0.3156022449731523 1.110882894008864
 -0.271385680149847 -0.2769457902278779
 0.1062380735638698 0.6306045093464933
 -1.481180641292327 -1.532069425493345
 -0.8266214201320899 1.724571099893437
 -0.1495757556572952 0.3726348459774475
 -0.2963154834639716 0.2422902765173688
 0.7249238973867742 1.6319105031335
 -0.1060299310677192 -0.3353224024866124
 -0.5277793206961722 2.032727269697895
 -0.5705673124292088 -1.021085673032774
 -0.09883215028286854 1.57901711176769
 -0.1350014515476814 0.3635217166919834
 -0.04456678881993743 0.1885318173917378
 0.9531278638702546 -0.1347076308803453
 0.04820550229435636 -0.3947456794422375
 1.621951647868423 -2.101628468308217
 1.246180415869512 -1.926065380698515
 -1.260596726638953 0.3830741447133694
 -0.3778464014909436 1.156714418198099
 -1.190343688468537 -0.9131330041827554
 0.5108971699092246 -3.889730039256808
 0.5969709671580935 0.5329235566808354
 0.6692257144293891 0.7225648979503539
 -0.1292895283555211 -0.4753073553363266
 0.3303324993907254 0.4037950167361299
 -0.5305765100658468 -1.668041639244724
 -0.7029706169377277 -0.1301913163869438
 0.9404192146123048 0.1208540153521745
 0.1288237139971216 -1.382773448867941
 -0.02735667985986434 1.140223765816497
 0.2523050497162051 0.01917890854576856
 -1.923120718332639 1.547111875433892
 1.771833695618955 1.93690328504917
 -2.135166695014396 -1.830355704404746
 0.4608219389049143 -0.1213771165369824
 0.7570634348682969 -2.027321535419401
 1.505286436849266 0.04453229549923413
 0.1670395313445252 -0.8863149919145377
 -1.022088721104288 -1.313507740820143


