# Created by Octave 3.8.1, Sat Mar 24 13:02:00 2018 DST <seedyoon@seedyoon>
# name: N
# type: scalar
25


# name: X1
# type: matrix
# rows: 25
# columns: 2
 2.86790427224399 5.188209663266901
 3.405152745084274 5.272368852306988
 3.071801559955707 3.743766824166685
 3.080153634490515 4.521432409411544
 2.853632590605599 5.674465327575672
 1.589162018203881 2.917137036003905
 3.311483486503977 5.07445834251586
 1.224385235703318 1.434292071747015
 3.627508973899099 6.458538225971918
 2.448132613644372 5.880924018175152
 1.517238774696543 3.210716532198846
 3.707303540571351 4.816001461004852
 4.035721594581136 6.95126897103917
 1.789216760497577 4.154176206057402
 2.85229543200533 3.71409707396911
 2.710505080695992 3.770082657475677
 2.802711040266306 5.727391217390792
 3.370116939827573 4.486802896128498
 2.216341619632698 3.77385344943847
 4.188040469148829 6.332114809164032
 1.725824380721471 4.959954546053737
 3.165535231418751 2.710114913022796
 3.862324556508545 5.660796529218939
 4.162690496666646 5.698111215600339
 2.345531423849251 4.287866895189556


# name: X2
# type: matrix
# rows: 25
# columns: 2
 3.236820125460519 1.029269440533514
 3.94423550390494 0.3536900507958309
 6.245768707089637 4.239137327805584
 4.577607928160565 3.532880561191217
 5.751206095354821 2.300036667717177
 4.628786024071329 3.1730658673648
 4.722532750611127 2.840528772084735
 5.856029345279874 4.494767868674469
 3.451098708759837 3.253963829533821
 4.239548569545237 3.688135613283021
 4.521282666937689 4.140023797562599
 6.166139136029368 4.812420421180209
 4.113900285158371 2.409986935708189
 5.156391152411377 5.176269069131926
 4.126701654967753 2.604898266106629
 5.390317957619533 2.867828839498041
 4.263426536628134 1.391448264922302
 5.880679257078836 3.56997506010275
 3.689622606246724 1.257070915018219
 5.043110940342697 2.062302666628673
 6.385011596847792 4.699622418107716
 2.558195233160948 0.03281037466267778
 2.848701172521028 1.749067324871833
 5.253650571794565 2.861424277113688
 3.938917967035563 2.755516497252292


# name: m1
# type: matrix
# rows: 25
# columns: 2
 3 5
 3 5
 3 5
 3 5
 3 5
 3 5
 3 5
 3 5
 3 5
 3 5
 3 5
 3 5
 3 5
 3 5
 3 5
 3 5
 3 5
 3 5
 3 5
 3 5
 3 5
 3 5
 3 5
 3 5
 3 5


# name: m2
# type: matrix
# rows: 25
# columns: 2
 5 3
 5 3
 5 3
 5 3
 5 3
 5 3
 5 3
 5 3
 5 3
 5 3
 5 3
 5 3
 5 3
 5 3
 5 3
 5 3
 5 3
 5 3
 5 3
 5 3
 5 3
 5 3
 5 3
 5 3
 5 3


# name: s1
# type: matrix
# rows: 2
# columns: 2
 1 1
 1 2


# name: s2
# type: matrix
# rows: 2
# columns: 2
 1 1
 1 2


