# Created by Octave 4.2.1, Sun Mar 25 18:26:35 2018 GMT <unknown@unknown>
# name: X
# type: matrix
# rows: 500
# columns: 2
 0.03824533966526503 -0.2023765314957086
 -0.4092080077393615 0.6175755218273629
 -1.044735661580776 -0.6806414963123517
 0.1670270671774344 2.387903997397121
 -0.3682120532010972 1.452638317312617
 -0.3786201453858467 0.6224060222438831
 -2.037310088749405 -0.6140550029070827
 1.387066499170103 0.8836035752332432
 1.050022077520004 1.770241322596428
 0.235297790486532 1.457938097154442
 0.5665644420764196 -0.9268333243142248
 0.5366718909670298 -0.3808058116422208
 -0.92326284486165 -3.128430706045865
 0.005412155520922173 0.3005229356676571
 -0.6851386133908447 1.357562537641796
 -0.5922211738744296 0.737717825122685
 1.321744286309986 1.227006759590548
 -0.3982200745533719 2.713072733602904
 -0.5829537629476855 -1.768053230895044
 -0.8562692073291233 -1.886660762651754
 2.055754057959671 -0.2150620436949013
 -2.288923017125811 1.207585037033774
 0.9368996722249635 0.007044347257568662
 -0.122134959854601 -0.09682228776649203
 -1.514280772861718 -0.5098767675906006
 1.875966422815503 -0.2409956282488782
 -0.105933083208812 -0.6342757515571356
 0.3101604587629531 -1.647465467155075
 1.409828966679022 -1.07402119347233
 0.8181311639672867 -0.4412597208159303
 1.605877968424036 0.1472243770778712
 -0.372312680788595 -1.437830079161396
 -0.07244101136938806 0.6442282452235081
 -0.3380248784045432 0.3504827732388888
 -0.1875074402794558 0.2374251813707057
 -0.8784164795902141 -0.2455050521879944
 -0.08678219133478257 -0.1920706952748589
 -0.07364180996632237 0.4235591736688505
 0.008821116234297785 -0.3303681296649399
 0.8279376108114258 -1.376465924966933
 1.370012872648096 1.216630803551813
 1.314851256063308 -1.556219998703226
 1.067924730956051 0.206646241418833
 0.2449708689174785 0.246078767389152
 0.3044855192480629 0.1542995047205875
 0.04404103376144957 0.2097389382274995
 0.4042423835280369 2.300240687467925
 0.2630737404533416 -1.461847480798773
 1.40592646026757 0.8857781062206806
 1.386370630169336 -0.6862063453445347
 0.8149500304251477 1.227336936950284
 0.351114282184917 -1.205475787295767
 -1.81162904851404 0.2235358840301898
 0.813582860548154 -0.8563538620787758
 -0.2522186063513812 0.01074430254801621
 -0.3185318607094263 -0.5141019849463631
 -2.131228207246282 0.03720308316188151
 1.469551065543322 1.373110520197406
 -0.5979222298912952 0.3571600621202025
 -0.9872357035126655 -0.9301208560984717
 0.6611288583509422 2.693253708092239
 -1.178195693894881 -0.3756560359933523
 0.3192523119091742 -0.3394219759818823
 1.945972118575286 0.3348139497086289
 -1.449471095415309 1.051149467632527
 0.4952544851973931 -0.5052562499176221
 0.4906341679596462 1.744960044664751
 -0.5589218141467731 -0.1903159066297073
 1.41582038477882 0.6905964625376041
 -0.3080752546600594 0.8124604148113242
 1.465010033618466 -0.5665396366026164
 -0.289306224630607 -0.5806078504895301
 -0.2892905148096007 1.697819894292231
 1.037693118539314 -0.4883943860826735
 -0.1947729898724592 0.3737571299640526
 -1.603760479009122 0.0003838968632349756
 0.3463006961186737 -0.834691540497268
 0.8970752053145457 -0.570841379897707
 -0.7541453517511089 2.453999335586086
 -1.010824851212637 0.6686879206522193
 0.5981826432893123 -0.1254726916728417
 -0.9756810761360354 -0.3574910150710696
 1.114657898586275 -1.081868667189595
 1.90871275900724 0.7809094343681245
 -0.5193765147178068 0.4024408001944902
 -1.002878596738276 0.3520554833335597
 -0.3769907226541225 0.6004364217581194
 -2.597333262248687 -0.06511778227318295
 0.4623907946026205 -0.8476553533619666
 -1.277914797384628 0.6046834551959113
 -2.265509310276137 -1.108364917829092
 2.271439070288945 0.47294647077061
 0.2624028492889121 1.317135671621741
 0.2265559041097819 1.017223877100865
 1.875333346590601 -0.4462855238425911
 -0.681249180875053 -1.279611952569532
 0.04599401186077215 0.1226724403842497
 -0.6155969366398162 0.8564554266058767
 1.047341979251448 0.8551608965650332
 1.118790210380395 0.09503680659698423
 -0.1396265778887344 -0.8241949110999862
 -0.06580846083243502 1.261852129843894
 -0.3139896193079639 -1.614079647970885
 -1.312461556949401 -0.741587601548279
 0.6772746143180416 -0.4391294339562956
 -0.147404848445112 0.0250848635188024
 0.3418495835182674 0.07480023272466993
 -0.6136049147466647 -0.4145703324607981
 0.5657176394056606 -1.069332956966646
 0.4214535473950816 0.8283103394309712
 -0.1622518784848296 0.1753116011410999
 0.6212837942958898 -0.3200098418496106
 1.023781771451771 0.34163655933105
 1.320325453476324 -0.3544190211106618
 1.643449556377703 -1.770509238437532
 -0.8172050591481798 -0.5065875431169035
 0.9240183445364458 0.1834220101309303
 -0.2504985834805054 -0.595722059124273
 1.276970971257595 0.8223869865618048
 1.812759286104321 -0.103861673883019
 -0.4172499903242403 1.736387702524232
 -1.291728769054115 -0.3082592673686822
 0.9402915384391453 -1.115854937889316
 0.2174672612518871 1.246927404494436
 -0.6358483977894145 -1.858984038637368
 1.750147241548766 0.07350538236095833
 0.309178881340797 -1.635988555465567
 0.4457581084118264 0.2284986550447291
 -2.076565149733264 -1.396336641043766
 -2.034348393658275 -0.08359977315240708
 -0.3980427842978861 1.697807560528166
 -2.629363390965637 0.7806809171690555
 0.2554388127654197 -0.9682809788058457
 0.0967849346574958 -0.3433185176037354
 0.8351281352810813 0.3288317103859542
 -1.625043936387578 -1.536139751489086
 0.9862969942586649 2.36302310284155
 0.1008721817040046 0.4430273629411849
 0.3378668747476902 -2.183919901335364
 0.2903457694794696 -0.5577373570383782
 -1.858555392127329 -0.4314562092274734
 -1.141191580012443 -0.6245106129493161
 -2.678274125973328 -0.2781992856964439
 0.9348611431828979 0.8645206527159345
 1.229750003676721 0.7405915622997314
 0.5483102702730693 -1.946863909410198
 0.371896976525766 1.123488631606897
 -0.004494855872862567 0.8549044402901427
 -1.079571392435108 0.1616455339966898
 0.5213187717716876 0.06887364866001844
 0.4541419954810001 0.3672823969320024
 0.5264170181732429 -0.783966353759968
 -0.2318964700994201 0.587923545694282
 -0.5089537549633484 -0.3419761686690854
 -0.2613498218020751 -0.983688284596691
 -1.593636711515731 -1.970460148900172
 0.2721397547735652 0.9524605434537026
 -0.2527080521937962 0.3928423104538866
 -1.143045569934922 -1.580252938561093
 1.143150918764006 1.013975637599328
 -0.474710434266007 1.081854529988966
 1.429408573328049 0.6580645754743198
 0.4565446474656989 0.1012551967924604
 -0.8844417672004941 1.027186227305409
 -2.213379976743505 1.344993539570086
 0.3634628868377512 -0.4767858021813935
 -0.7241414943255369 -2.398669483606641
 -0.1145104101079668 0.7700952072541992
 -0.4800565337722513 -0.2865895869835023
 1.05856652993685 -0.5134215754724559
 -0.1159541367743409 0.5790952494251926
 0.1238987365260022 0.02587363337341962
 0.9357009531161197 -1.177074546679598
 -0.6631568507439817 0.5726954271270197
 0.03605950531314516 -0.6984331933148322
 -1.585867726833907 -1.389388779543947
 1.067505087156186 0.2216346836207406
 0.5025088729305512 0.529282171714508
 -1.527170433250229 -0.5363151091450726
 -0.4569215119178619 0.2314009536632719
 -0.1392039654893694 0.4318041654018072
 1.467437276112828 -0.09183829361143435
 -0.1339158483530211 -1.36630314331963
 0.4927414456717843 0.1658680506154492
 0.02590845810607738 -0.1367848673227333
 -0.4101928738084556 -0.3018923373975199
 0.3892350442102832 -0.2239426941698344
 -1.846600435679616 -0.1833790284277568
 0.9810508896348926 -0.567597837980765
 0.8569375441426312 -0.4161345727028624
 0.801588513554866 1.724448330473147
 -0.4054880729469179 -0.4736165954684939
 0.06955852084546059 0.8123175201355142
 -1.359329069870443 -1.704936665184459
 0.9509978035459699 1.589266948193268
 0.08982558953092704 1.764488206273143
 0.4171415346252613 1.853273541609438
 -1.063483464617761 1.000033166392395
 -0.06284498956977798 -0.3564502155596195
 -0.7177661671492774 -1.745114297860282
