# Created by Octave 4.2.1, Sun Mar 25 12:09:13 2018 GMT <unknown@unknown>
# name: X1
# type: matrix
# rows: 100
# columns: 2
 -0.8621869623644047 0.2195305876522755
 -0.5638564982343122 0.01149840955621173
 -0.2460779431434378 0.0192459392846231
 0.9571800553988495 -0.5024049872617543
 1.008318181051461 1.934755269901111
 0.07583621363873147 -0.9155481365745478
 0.8948296287268773 1.517133173672248
 -0.5984398981450428 1.785115607924124
 0.4827554333114746 -1.852413017385936
 -0.3546361651891814 1.566507881670551
 0.4034786075814897 -0.5378636318834682
 1.853434840716846 -0.3342990782510538
 1.879987586418763 1.503434586066988
 0.4328084863542548 -0.010203531287057
 0.9714630784711699 0.5604859636931407
 -0.5611363655710661 0.3905981120672972
 -1.567842409400018 -0.7192504362839278
 0.4254962131498008 1.754408318557323
 -2.736146651225572 -1.884363244578816
 -0.2211886960114169 -0.8210865017739771
 1.213269174849783 -1.381066037420277
 0.7377033807103123 -0.1636892361482723
 -0.6429110147040703 1.311063975987094
 -2.137306038365586 -0.3183834939190221
 1.91594040396257 -0.1479571477606189
 -0.7411093192248969 -1.676746014591899
 -0.4581043511399538 -0.2850456485328114
 -0.06408369061030054 -0.5417811043953494
 0.4456610821591435 1.732666040364504
 0.2969463458093825 -1.211680102362726
 1.415060389831999 -0.5683687852842102
 -0.7328253719786054 -0.2169483030892399
 -0.08666805816081957 0.1658294674615479
 1.335765055725214 -1.697808614712388
 -1.686079525674299 1.395442969349036
 0.09448399522709243 0.6980193621054288
 -1.887279275962407 0.05713682327906808
 -0.7009901508220382 1.365986956407375
 0.1570031692985723 -1.5780868709642
 1.698677584670881 1.131857817054247
 -0.1282941074775297 -1.103403255199251
 0.02063713499997504 -1.720995089300212
 0.5267470461263141 0.8296893414124829
 -0.6375700344362404 -1.236474866088963
 0.5783052797962774 2.236898622655998
 0.01261330861483609 1.975198055392963
 -1.744151578677958 1.312194770738613
 -0.5381977964282848 -0.3719992964294035
 -0.5440208767947013 0.7897507588745513
 -0.8103271443724819 0.0415771145630444
 1.495427442619759 -0.6641383163312446
 -0.6953380969900494 1.185805957892545
 0.7675929701025193 -0.1643567141781108
 -0.3321565487070502 -0.1847323452450279
 -1.43575854125708 2.188849448593884
 -1.359446717993946 0.2876224625490904
 0.1141649393303076 1.272235552206522
 0.6958928718765538 -0.0003706311037076863
 0.3963232794099024 -0.08561139130650454
 -0.504309900197516 -0.0331406765302928
 0.5069005190235595 -0.9519031566483421
 0.7996749480665136 -0.2090303928488428
 0.01805487528844374 -0.001227266040943903
 1.325558009033295 -1.499274308984095
 -0.7979085360416551 -2.617885988458692
 0.105239168860774 0.8793872102984959
 0.1542498266053551 1.707727661941448
 -0.3154738030774607 0.501211303629175
 -2.505245527033974 -0.242399209022854
 1.084870215493465 -0.607689834346815
 0.8966571296965378 0.1818784683710011
 -0.8828199457984065 -0.720854337106227
 -0.2443346486834104 0.3658843905021561
 2.042582302105456 -1.019547895774471
 -1.735396042384677 0.0478322930995207
 -0.7918546486126237 -0.1826545634288697
 -0.9432076998129022 2.112514269268944
 0.1942120759913804 1.724884588437944
 0.7515052152449161 -0.2750847053474202
 1.355436229246825 -0.672122330575792
 0.2461788548897987 0.4482102075791344
 0.838949102912801 0.3979430955593061
 1.114183855007119 -1.155576208872993
 1.165004356104944 0.04998036830300098
 0.08085479926866583 -0.3672737425140691
 -1.195316882356683 -0.5561344201328914
 0.6333994932843102 -0.08199329250614594
 1.965239613904519 1.229168207478989
 -2.612038520402292 -0.3540723246041061
 -0.9558486088690115 -0.3167928426631104
 -0.7417821741777053 0.3669714204323513
 0.7707700496342378 0.1312172966987841
 -0.7589587991081506 2.725995596259425
 -0.158232260270008 -0.727779609676205
 -0.08132149996790967 -0.5833927928013707
 -0.9240619449364922 1.783337535445749
 0.8009571032031374 -2.162379568631129
 0.07993663117219824 0.1682659588229287
 1.159134904503133 0.409264729796089
 0.1713143087085225 -0.4949541133475073


