# Created by Octave 4.2.1, Sun Mar 25 12:35:34 2018 GMT <unknown@unknown>
# name: m1
# type: matrix
# rows: 1
# columns: 2
 -0.1827744941949063 -0.05279511121634529


# name: m2
# type: matrix
# rows: 1
# columns: 2
 10.10523074390038 -0.413864804641512


# name: m3
# type: matrix
# rows: 1
# columns: 2
 0.01212555328053192 9.409478715474465


# name: m4
# type: matrix
# rows: 1
# columns: 2
 9.753596606628619 9.898972265876473


# name: s1
# type: matrix
# rows: 2
# columns: 2
 0.9484206610989516 -0.03661611718750599
 -0.03661611718750599 1.332182592645262


# name: s2
# type: matrix
# rows: 2
# columns: 2
 4.767461608964159 -0.3911377689230051
 -0.3911377689230051 5.319726983398025


# name: s3
# type: matrix
# rows: 2
# columns: 2
 1.09683105667212 -0.04120958726463018
 -0.04120958726463018 3.5296949437484


# name: s4
# type: matrix
# rows: 2
# columns: 2
 0.7913982827252753 0.7591915847698041
 0.7591915847698041 1.760025628640643


